469936.948888 4492654.91286
469942.773406 4492657.50905
469947.122882 4492661.58754
469948.773208 4492667.89699
469946.256031 4492673.27972
469939.745946 4492676.95799
469933.950815 4492679.54555
469927.748311 4492681.84615
469921.957534 4492685.51043
469919.818748 4492692.37909
469922.149874 4492699.61821
469928.101307 4492704.31185
469935.552386 4492705.23642
469940.976167 4492700.8077
469943.853961 4492694.61319
469942.855092 4492688.25672
469939.773614 4492683.8179
469935.850241 4492680.47032
469930.692729 4492675.38496
469926.623331 4492671.50515
469923.4967 4492666.3672
469923.882578 4492661.32608
469926.563179 4492656.59761
469932.089619 4492654.53284
